5
8
3
1
4
2
6
813911
14687
286130
344215
451730
103621
596023
627735
198154
729174
737846
625366
633499
135142
523364
685302
518199
357732
83468
736049
516917
623905
351371
761182
949091
992471
821566
72722
681714
499126
749779
247773
546884
231215
391148
939331
372176
700627
287033
386381
484023
219869
853472
245330
557969
642029
770061
42951
416831
340588
336287
685846
113158
941858
411077
318116
670231
268179
73467
694024
975989
24351
401208
163331
72248
921654
65524
853275
74782
510326
34652
708774
800017
612261
74269
146141
803308
496190
452830
288498
40669
802670
571520
158541
803459
403306
360244
24988
490332
489430
911071
420935
884781
977005
617661
191045
904860
919542
777955
454190
643409
988646
336220
253476
623878
597901
990483
302414
611894
386265
794868
695860
658438
904484
158329
35023
128714
743210
54451
130106
22288
583874
522577
473484
367629
945243
210684
685494
734287
473500
813445
951543
499938
934955
164001
746589
351264
420399
933921
663363
816825
89817
455302
96223
986404
772199
749096
213938
354056
547288
377151
997607
133247
527679
258638
233145
334962
949915
790980
415528
998780
724652
582301
962671
295423
703748
949007
726410
183789
950270
910807
555793
89385
991876
198166
36473
990951
484933
767806
188607
936304
889278
737710
704833
461377
631652
925961
211988
526585
337800
971618
998515
476208
503223
208046
991909
184731
255205
781964
233927
737274
79832
944690
185016
688662
768503
109890
59839
820910
797772
729783
465025
31099
517600
64630
894683
392077
691602
825764
329133
89935
138049
38964
49114
414261
977271
87945
443275
225650
571907
343398
703005
285581
319657
290208
493400
548852
114071
943880
811647
100871
842203
771184
740
124205
394478
461836
224536
383370
274934
735809
282198
122038
115995
826339
213901
406926
115805
50285
643968
453889
434891
622083
5388
879062
495949
567388
93928
201721
521268
840174
177257
600971
984816
876813
672413
795255
160154
685079
653593
637702
322939
811259
850214
723846
571854
331658
849667
526664
990602
167365
75848
994783
836599
366296
976532
282056
306520
63808
384434
944545
462057
483923
971937
275919
40942
606605
911076
241935
131369
971646
198338
353718
984929
604123
475608
78931
294035
44722
2655
651528
423159
924478
971387
82302
944183
580307
926602
102876
140835
812999
327619
973500
872109
773601
158641
167876
569510
320149
353538
414993
793073
894093
807211
84135
618965
508558
555281
883050
69165
190615
743579
232501
401326
794684
614346
524619
385075
144866
222805
978018
649401
966385
941115
356905
79326
327682
100961
355256
413480
340139
905857
376490
675722
374212
299787
922203
6120
979424
618553
639265
807858
249368
176290
541516
850585
377845
166036
887579
586642
787340
228984
829601
123253
597718
295579
94320
737435
15645
560746
891714
849519
490675
763532
190329
937756
168181
129059
87516
466717
516554
284469
234148
148875
517759
915966
836251
673150
528413
882334
432562
95440
935065
247754
232086
306019
761918
802445
605299
628857
629523
163054
213011
837377
743477
732633
169209
335125
576043
784554
422175
564954
966018
8192
905270
26501
685049
498005
178095
392603
360993
107614
793646
825404
397470
475522
942966
164174
454079
265733
425700
891891
234168
28956
204777
196237
873080
391699
542233
741758
51752
549492
766744
18523
606216
745649
526947
351579
577574
658306
596105
686457
3009
845064
440304
940502
100615
655391
247584
421141
846308
165114
73479
447880
914915
865752
627677
187568
884450
836322
979564
875897
994460
590443
213210
613270
154682
314734
818893
932454
584533
530636
760616
589170
788619
697005
622533
538464
106736
368588
852251
206368
853925
886636
533111
951621
891123
42695
455155
412965
437727
345668
874559
665935
933140
174500
899944
850675
948051
356714
606392
364352
638027
778359
451013
604881
400908
547864
224363
700203
537454
344672
903073
770632
658248
827725
511854
262300
657463
868351
469399
922991
140435
636959
145542
961098
322983
438826
858531
735891
375516
579350
105416
676943
712811
671305
767059
325318
300346
691836
365772
963557
972704
997029
895496
334229
861727
362857
673576
570331
910407
702269
852022
665819
948894
50303
450961
225543
15040
994870
715200
545420
978442
102387
893418
234053
953966
329950
58610
620033
368726
326312
276772
429000
466235
225758
543383
947297
219041
904308
203960
590444
162160
807434
632089
698692
380439
805410
618735
640691
904044
580574
383537
520999
606895
772131
52264
831657
28321
268816
196225
530699
852197
382544
399787
514847
238646
783984
315482
697094
306958
229654
820121
119170
961933
547950
350847
236446
770689
780454
752075
436291
25614
427385
675110
947261
272606
998101
626512
194055
237406
306450
194533
924228
168356
779418
207869
470746
414733
594524
411330
805071
525933
583658
652819
420608
482671
820993
365119
976207
681763
126235
902510
874509
400307
39954
607480
97159
16958
407695
334376
845089
156809
79160
762750
367408
660890
679042
938389
760583
91786
365184
339138
673362
616388
700184
647493
279774
219507
862701
793240
27138
453168
648604
670724
636658
976991
822953
94337
876094
511510
595778
503398
811805
792060
988485
971165
258744
751733
653566
99374
348312
348011
88310
6458
140903
419916
857047
984875
248457
900421
179334
359279
983688
376285
795927
917366
969090
811918
963017
478212
79587
56483
639195
604387
873811
420804
190805
810899
556942
688137
37302
695704
435266
263276
571332
926797
135314
206454
588744
312035
665932
997022
940826
878909
798374
945998
809709
565743
522985
652809
759234
147990
735504
226235
990046
266961
469123
952224
704859
940860
575803
198128
756807
146031
389886
362986
352308
769185
52455
849384
829959
238770
928581
358238
291451
927674
806825
974907
989563
42843
819295
688462
296094
444186
318997
444057
988463
457803
34076
866206
35348
929202
778172
721478
980477
299771
285049
478411
279495
10456
567694
666260
92977
409466
554776
690165
276082
299262
195904
984006
709022
202639
582419
66377
451397
124233
454672
310989
860204
727346
130780
298631
352104
345451
738177
359576
308081
705852
220399
170139
475322
952524
258486
555370
970586
380368
176280
809350
200965
54601
818684
921512
624999
881685
499417
274184
918038
746388
84601
300507
609258
848477
76856
542959
778099
177658
466463
184991
66488
442097
571094
103754
867276
392160
109721
51921
750114
546118
335818
29916
657692
498944
710311
365578
879790
56831
869910
914892
453221
126970
71975
44932
535430
447290
154104
103025
88340
41268
886875
154114
395264
443946
156814
269136
72805
982344
391352
795262
161099
353279
149455
952544
369308
291202
647319
706966
801261
741926
804296
80770
971947
341615
92401
492575
507413
437211
849334
809056
463482
713195
862825
90853
300537
978469
542358
225853
383983
18115
475810
631308
180417
889168
364641
919170
25976
818559
256252
936255
559045
952876
37648
194082
650051
805094
744047
232726
176844
274889
670271
21324
134259
945668
941266
468283
907603
732849
551639
27400
319314
523847
271702
534235
195877
131647
626904
127823
151556
844279
359292
260925
49393
766570
925209
967015
427083
844792
745434
945329
652288
187348
23326
864316
624980
489417
669691
63238
934103
756816
431884
115044
432287
722872
889162
551759
553092
12710
325764
168417
216312
881056
352352
564221
664677
133345
341031
701111
248271
636428
730143
811741
469114
683110
470088
881784
772120
394
933744
607302
366657
323198
923430
903788
867721
797836
406105
307154
969170
346610
3009
28207
261266
951061
37690
342563
825189
842697
988989
217679
280834
488687
705522
792639
688030
568348
981189
349072
823760
488883
785715
213655
935788
834156
734674
14884
137484
598183
645804
789691
878119
231032
353506
307891
849970
78106
688609
696810
210096
958451
551357
77407
196698
619965
966232
943967
53016
46547
875406
560872
864386
877648
6570
676848
487005
852145
245140
762
227878
452320
73201
1085
461794
968716
201848
586691
782311
691832
115209
328289
691773
626923
335073
637000
266451
23301
834130
714297
878016
923069
393959
462286
860858
32701
5613
694366
851198
756004
950370
15289
167894
760213
51072
391875
380832
611658
53833
383242
744830
353788
845182
609288
727016
131891
312565
292978
688306
67049
985834
351921
828025
548587
213869
588789
35353
702541
139966
902830
325201
455718
95209
790184
175013
942739
301323
307190
61488
23204
493640
488568
95656
194610
396063
150142
438172
682624
951502
383236
58533
927333
953863
807627
843837
609088
369644
840328
331431
899362
742694
185877
381239
935244
396562
66867
872613
905562
155977
240348
556427
104323
301845
126590
74628
137079
331124
705300
493233
363061
740340
34228
359738
290713
364410
230939
341859
16452
862376
574677
110234
886706
498648
159428
29289
853055
730935
633583
607808
244310
477797
855173
976649
111677
827739
106491
539594
117034
165741
544361
446226
693856
852771
696455
921555
250910
602683
687804
656039
330306
993491
508601
287420
545317
598184
891705
939175
493676
866392
212952
912771
922227
459744
245807
387644
798636
992533
303564
248503
899819
827943
545817
832457
505082
201464
192571
746951
84292
385839
550774
189706
711930
48606
974561
691364
682193
551340
735778
75548
936920
574170
576316
760272
150176
199697
499784
579931
521436
783329
543837
724943
657661
365316
506741
560970
697884
695102
703677
194360
899934
727701
559566
974723
157682
280578
364982
128983
636691
424005
347335
508388
221344
395528
550032
622962
640104
636684
4973
566225
810176
349463
980472
921597
669827
938409
670590
124129
897563
105652
725535
169447
598598
310533
504544
911739
801134
337553
959681
551445
873738
74985
394477
346421
145709
707444
136628
55781
232624
733238
159840
965456
470961
879083
697632
298078
159396
906307
899620
701108
407975
224857
864397
530896
659515
723224
369747
693051
524545
872427
229324
96332
303054
741985
748295
652365
453547
986
835496
346133
660333
879613
717833
941042
311642
284401
285270
629253
760141
546672
786893
78074
673017
702749
170355
476137
266917
189522
512052
838278
34400
919870
488220
711754
942338
905506
922933
585305
346436
331032
871835
815595
663281
920442
254969
165888
483714
270849
9473
812003
459169
74840
111398
157755
290211
259473
998774
913851
614380
20462
616185
494005
483856
968595
292027
603190
57731
458179
276722
216632
276752
734505
207575
206074
651468
662417
739128
119613
498574
825484
734883
517495
490487
618397
195757
279938
259096
957722
840672
773457
867438
616160
986935
167343
165155
405602
169542
499624
946417
564278
158182
369303
957894
503568
673390
718008
602158
753690
344589
103034
806329
533863
308384
17157
317740
959202
385147
282704
776099
643800
686193
603440
751265
553871
470315
609997
818459
945963
981476
269430
789633
373086
20806
623860
39126
876250
118906
947293
459392
632956
531325
612792
567808
759271
721071
598171
383020
809797
968712
139345
137543
44883
216293
182267
649994
19831
980936
196483
280297
388946
141979
28615
817167
352160
558767
23250
298108
830967
925076
668590
61649
338509
927239
415829
615219
45599
692096
546608
837942
382658
951011
632947
187639
421374
748742
780828
786046
413133
520561
987809
195770
36562
374543
271144
103505
582960
299053
456008
131945
796853
267849
712675
822593
4852
135226
214036
732342
731460
158907
61806
392107
710450
301407
888178
501273
831990
905051
706642
361624
139105
258754
797335
45740
220266
220028
380970
447467
611244
690103
83326
443600
248722
327536
369174
336841
732651
648090
182951
886193
251280
542645
725110
689997
450115
567421
94417
568321
956595
588993
586030
791761
916895
274500
10059
58380
735790
936072
266042
669842
80725
686691
288602
885263
596671
916657
732359
708427
239659
650951
676105
450086
352612
526883
760777
1505
223818
609686
264296
313451
941097
203670
651933
497333
699923
782253
55653
18089
240018
73731
954368
757714
140018
230268
532048
657949
339207
494005
373916
203042
137296
735729
61127
633667
219729
83797
266445
581941
330439
639809
541357
670824
782246
832712
240812
983913
526469
262885
522563
916734
430780
109322
809625
775791
772133
399807
889105
340956
753605
313557
654270
573685
144691
518331
527121
860512
114923
892169
755659
234366
240329
305401
386937
81583
649512
808381
936186
635342
473918
90544
949575
43621
210286
296723
188556
296627
967677
314695
983515
130373
142519
697166
80500
823882
70283
254248
251610
657232
810556
907935
458456
823750
780796
991737
540037
32718
285596
147360
139393
408008
333900
702439
281269
658454
739974
185244
72440
752665
712395
244151
1732
512226
817539
116162
165429
614934
810927
147210
109126
943151
151282
700485
823611
158075
960462
659275
114978
190545
351696
282425
883531
508933
597735
124323
595636
226297
938330
306103
493001
457428
73526
539103
356531
888341
35688
631232
456840
155661
47323
140008
772358
32151
845423
585930
742746
469688
766975
940618
915409
786868
18611
735565
486860
816329
715368
423904
824739
555865
261794
540156
958288
126828
777451
378551
662979
800695
798655
181065
357462
203319
857037
956820
598354
394977
801574
310501
671454
821758
828165
715676
871464
734292
53746
32428
43714
982211
918303
825523
696793
795979
942324
817311
844508
379940
425872
64402
105183
165004
59293
612312
174364
216559
717820
824364
809357
300045
591860
312958
575027
286782
94178
307044
119342
171095
889501
941909
422520
360629
325455
926406
273979
684169
656775
935708
162342
947201
659524
693828
792534
394494
818930
31731
385888
216400
441424
639819
754896
795218
998345
995518
978573
439492
69593
875360
708027
445789
707801
447503
322755
30837
680342
553776
404866
1397
382781
125838
446321
389658
499626
563363
985423
874416
779114
898910
891627
729600
89569
406857
539869
853934
170271
379930
698261
445171
348558
53884
714833
517224
858869
91561
860820
925457
712694
116519
783657
833217
872937
692003
992528
476032
76752
280938
111071
286442
9974
261369
37095
418611
589561
931696
873395
298510
285714
855124
441384
645637
816899
695267
909646
413297
47196
192980
423671
593344
332878
369606
904897
472341
60309
392426
840871
530386
65467
899574
351923
654167
519592
136879
169124
161265
587113
951656
488611
113836
397931
707730
274713
731086
19799
792582
659602
920980
663293
254457
127160
625779
225957
1745
138470
765872
814702
847373
747702
546237
367202
407702
611165
124608
718423
915512
527070
139132
282407
933010
272985
588003
662521
410361
465991
110111
144417
653423
601770
968287
796734
608425
346947
409672
392105
457892
299245
903060
490227
724318
504194
68747
176040
169881
839504
66760
392128
76075
420446
768463
331483
218274
263073
739388
813248
609045
419018
902980
695580
924508
495323
367734
985406
135485
327815
459148
811501
943234
303704
569907
53038
723812
790321
200285
41416
46523
589200
193119
636631
20524
244687
344257
740333
778058
40514
358402
236490
671219
204324
508306
42443
833612
70989
990694
22894
352420
850893
878935
500019
234734
64223
370325
928261
550871
527204
258587
852616
544207
839040
266758
48479
65125
621631
399234
3981
271325
926032
872800
437889
90126
344917
436716
641982
714440
774042
831855
512246
801750
760482
457172
391654
88667
905452
410609
720049
617806
512425
609399
921020
155690
161390
742704
860292
750543
212732
529311
849552
200908
474746
681
480556
864400
401624
266492
706235
695592
503115
790325
895149
631998
283884
579789
351621
355488
161883
340161
448663
286679
971947
358853
205552
756930
457522
306537
945714
220444
396476
104050
487566
441025
560288
252762
533595
756208
389166
246989
545739
924217
255718
348641
663115
406943
281803
118708
244461
625115
529199
519803
662584
924430
916339
464529
408005
911959
34918
764276
197812
560067
332329
98756
409025
138261
729057
988856
391880
226479
728263
571725
400068
501831
391752
609183
97144
968893
802400
513778
542234
284550
880938
998331
342473
824414
614089
448257
110353
848362
513784
955344
228667
54256
229498
915215
121142
247806
885408
404703
300154
423141
696097
642089
900264
191294
348153
872901
776558
607566
272882
673652
988227
568432
349873
560476
712656
142315
656523
579811
226726
813562
133513
211137
122424
943562
336910
517406
915171
553089
125060
966883
142194
449072
376472
210310
248107
437407
688616
239449
180905
82503
681233
15155
3577
851507
574371
882980
243183
594523
574935
644579
283092
105169
241575
120299
700663
886718
870283
539042
748370
381397
307645
11283
404908
706224
964015
438054
571633
353491
83247
259785
894698
277244
918258
782761
413796
816511
639315
60157
632976
980538
251830
510580
885410
56780
329687
150053
949806
704526
595175
364702
4473
383961
748079
960977
239243
508852
730201
40355
982012
422677
896070
83693
528013
930328
878296
234897
85143
327340
487733
890859
103866
67771
204320
817031
839641
464714
846319
317343
126612
426227
216251
406308
494103
677598
419317
128414
11343
696594
959122
86640
531023
561976
417915
688481
447003
641092
277137
77136
970485
303863
948089
878545
300755
853450
447486
967248
434157
958027
917720
82656
240364
269110
612765
921846
106693
181606
370892
528494
170479
68363
559544
406
545938
370884
433431
538768
583365
441405
431127
95583
278415
638823
759691
911440
617765
719320
670566
853232
149631
633015
860457
520014
608405
813812
323405
784419
458451
294862
104964
512732
578564
825879
107426
424571
355796
183160
489591
699269
193480
206543
831550
591359
429802
319878
244827
14619
301699
466113
487068
49420
81111
762482
390229
737340
725455
456426
793243
347066
230649
361017
280369
845485
905351
86160
455445
349212
138517
888002
160740
434905
729329
78995
595775
856591
369391
959901
482999
693867
160714
955934
127099
981526
976548
85540
560275
474072
75419
394952
292788
422079
202643
736194
624078
231624
761189
866245
694932
704080
760356
537313
878401
167020
882224
247216
793315
989964
505075
115988
606416
312617
238544
787216
637372
475115
826454
192094
584083
76902
266846
192745
889573
418472
208585
813712
378351
60923
873083
528850
865081
472254
209535
53486
311618
147842
944672
809584
992117
520274
946008
608841
399857
513579
692110
322346
634042
55678
522861
450362
862848
858385
989043
841500
61083
461405
118855
597624
25264
983653
805163
286699
845514
375720
393395
27564
274852
759
220125
424697
534801
205603
141308
234762
858640
693867
324121
232588
299487
462822
264331
228798
202061
409165
594834
818769
596133
290988
637533
942744
548529
551395
865742
918651
67652
898580
243601
543504
100064
792775
899897
503835
724962
497178
573806
665818
603447
953764
997095
703576
561084
599009
165486
14766
726731
83252
575362
171474
3067
448520
589476
977368
88868
433578
290106
37681
397181
506505
905485
932103
430621
1523
409550
673301
2431
663659
628267
935003
974982
181540
909557
450910
532900
342889
869765
648193
386060
250068
858187
536326
108557
513222
249626
487891
892897
171371
473381
523258
883510
602092
575298
39969
553187
357101
37833
572966
930930
604121
913331
799603
707961
151741
25894
11209
435143
194737
560218
683139
413870
27257
194747
624803
843640
556578
393375
94129
214738
973251
148321
79454
218024
923335
362246
628220
243030
427117
258088
915410
235601
999791
921205
327008
752434
973690
226675
297312
989698
249326
631588
400303
504076
735422
405750
227707
245961
123561
250480
607789
19094
837273
61099
901814
35363
296396
935161
576504
995623
622522
657337
826082
586410
704174
59614
882716
465560
489289
936250
432030
527735
100763
311247
938030
418613
232451
61494
881157
525436
198373
3624
326508
652589
736833
629639
659949
260117
959349
891575
379962
874582
186681
237441
186991
20990
526473
971595
861488
664323
800532
899045
450413
942522
43442
575013
270
636634
571282
255116
479730
462801
172189
640626
947184
718589
484776
198826
978746
449711
840822
726007
961073
65853
41746
26696
144111
335827
401372
944327
926262
363948
383442
89419
293783
706543
73856
29048
267084
332373
725704
475586
232394
669718
767736
120424
718582
951289
786807
406060
240752
817686
40518
53248
760843
892334
137031
556710
429358
368457
504396
531529
18467
809620
941804
577771
692545
540446
175472
379899
969262
348589
658426
196954
269886
173057
101085
978318
299391
912312
445689
620875
110879
752119
531370
554822
875963
189758
725039
623924
253029
842569
647555
998335
589060
962269
194244
697446
710162
574676
587019
535790
408039
411894
363552
250618
196210
154160
478359
569482
76733
880150
547077
764237
382853
531049
147555
192144
978329
474400
630569
200878
788981
213702
451683
392261
214880
405695
147927
872529
357960
690965
213457
547829
758727
480278
461473
443157
563750
688512
521778
835415
781666
618843
807923
838273
227260
280502
998410
840701
633983
407710
34751
972783
433907
749484
830538
16587
338618
766235
758139
1564
708481
720171
118617
412699
636515
761224
544304
501045
40946
413075
580198
932697
877273
321214
601031
657455
57236
818783
819375
746647
445143
142130
493676
407811
383944
911507
4843
873313
185441
353675
741441
390996
236219
716134
380535
751576
849760
22232
412645
204976
609500
592500
333441
969919
642995
582346
496489
564026
552243
343946
52129
79848
302894
927971
605681
146018
120888
239126
42584
461686
711568
248603
558508
329722
178080
780068
143230
12045
244889
375416
333111
944536
481205
519790
469659
150974
98082
655365
95280
399738
631147
559069
16335
547756
393350
52595
740223
733179
579227
973510
804133
675575
918655
506223
336523
449146
269105
392602
896594
565221
584511
573617
64128
443274
500781
263597
776470
242412
838374
417490
746205
700975
335176
112116
8974
677880
48927
223528
645576
847787
588209
342136
431440
755867
177434
150781
120426
611633
965519
464864
53248
871603
804510
32481
588596
358071
219396
609975
343358
963954
32568
789372
323973
511201
654265
297628
36876
862086
505521
274862
347477
131805
678652
192021
189956
871202
814289
795841
160119
848261
795360
836956
743993
632983
113122
874678
391394
626695
253789
944044
588725
893350
170768
532300
130968
952620
532656
105405
209461
978797
536905
349953
410052
297141
970326
429410
529297
88521
961578
18919
248297
751005
245214
702949
350463
499877
917627
587079
507562
64466
405373
884187
767415
923690
970326
322345
682117
396473
192976
629319
374782
465061
218510
437860
806787
849237
575567
935742
51453
94117
602222
701862
405472
452785
586219
910070
685369
508342
182020
786107
170471
441465
533014
731441
677047
107887
762375
869186
175383
371387
608632
319720
893600
668369
227024
898168
832530
915664
413403
662505
448056
23802
795836
787514
343083
361287
695282
528346
994998
112931
293376
21496
739319
191942
654761
493432
879608
958776
107519
102641
818101
344938
362124
667985
609842
838335
66814
609125
669895
2967
448503
643012
524349
846812
505941
688545
479453
369991
717807
571153
754370
319570
838760
368173
863849
684606
390091
428274
488121
296274
747723
435848
722829
800467
553157
871556
453395
562625
412653
307555
672899
996718
153245
314715
428647
865554
655266
843879
300760
467476
264417
373070
150389
362549
288121
412330
93708
602838
475079
608629
150829
940420
999123
600670
804517
117601
983836
905936
451010
777785
349789
51204
744235
74115
434249
611123
248336
683907
644876
186734
836627
982061
172978
778819
886441
192633
490230
679808
63472
272065
928093
830267
611292
500638
921087
595368
302982
334320
366415
287274
587841
92518
48140
708110
64097
52101
71434
514172
824940
231193
347980
124696
416573
981271
9493
12642
5080
282165
46320
865174
134004
629111
376894
307352
134077
42679
513394
121930
954215
156474
738360
768639
833366
134017
679457
758387
270892
12124
229635
780684
470628
487610
341679
242401
408776
412999
938468
297671
383394
584971
405861
553594
669136
944870
486162
887646
480930
79040
935246
484101
430309
580600
451675
404247
495620
285932
950537
462757
179187
161776
622913
37189
935724
878491
121924
414424
238629
977762
411907
173883
309791
137730
214090
168705
909492
901248
727819
594926
826880
277756
654638
119712
110736
119436
492648
435313
869228
840942
712971
237735
230714
71027
830644
537870
489786
70660
952132
375641
943249
23434
122035
544611
315397
531001
499279
353856
283801
912630
286525
165144
183676
675837
512261
998889
850001
619445
528958
916726
720961
885310
371344
198258
116900
71899
999289
798205
87782
343840
553985
938315
331148
74881
954056
664888
273209
120845
835797
893582
154049
790398
534027
547456
449564
830694
928281
878018
850196
230838
505693
919760
614039
259235
924546
322816
933460
723464
600695
64045
784490
55200
254515
52770
807543
299882
780403
934884
624476
96835
390834
304260
303397
375829
856228
366193
581123
88818
2097
988427
60763
734495
241726
395053
23102
662615
171031
821059
766909
308612
957864
658182
792722
874881
807397
764299
97200
133467
638693
400058
819605
36647
728087
800367
225175
385573
530641
376307
588749
931416
589229
995670
88325
855540
260121
34541
695674
427966
261397
947497
998829
694014
515049
252529
609082
420114
832087
737195
817463
518064
258536
259251
523476
937132
163704
643734
106439
601000
384659
171789
389195
654650
990216
342152
333338
265756
350417
61528
766047
635868
649966
829400
851041
642397
409983
164695
407672
853632
202294
166438
327142
320405
86909
205931
347848
753139
5625
23334
638161
254140
699817
41058
85318
198162
900443
217235
413813
560226
650233
437479
629931
903681
333152
8906
372150
116640
641289
98402
715866
266271
469095
948690
770257
669721
507564
180110
118240
578748
807691
368834
101578
413695
432169
466374
27321
33910
290899
471890
417037
601957
661665
971605
36315
722241
149522
601931
465055
42505
723615
966827
233335
871298
115549
408168
717218
497356
380239
107030
623153
74521
954711
440742
95054
193964
27913
282296
566724
932539
692957
186661
832260
515645
86626
769057
50911
646030
353345
192871
266282
359877
134791
652175
3707
439511
438559
888938
596983
560268
748387
601233
535712
257544
689643
530162
833595
937491
321258
316021
121190
92255
595035
861760
357052
930006
182669
271686
407691
768892
480617
498088
902872
123480
687277
451495
401758
509833
101900
396651
329847
910926
921554
432195
933070
258377
409221
271777
833646
592190
807403
181235
991570
506617
822226
514389
625866
117369
772467
696716
40880
113219
962303
692201
697325
25680
464937
733409
694010
756097
797198
196255
361011
555416
617795
915259
284193
224638
252400
193289
752403
308175
679062
346564
995646
323689
930725
440395
41857
193405
722296
385818
165395
920929
340476
576340
87778
845378
753435
41760
457236
898644
992187
444713
121874
452585
804172
287191
45843
332449
271901
77726
614101
329438
563001
873028
167736
704980
187746
758399
649504
139599
983659
877158
304659
554409
749496
528787
267263
573523
449892
117860
671049
385987
931711
928153
256384
36685
178215
330215
843431
798772
855395
85534
953125
876418
876684
536345
227129
854145
931291
678422
314708
500446
849134
806342
996778
595389
173616
690818
979253
321421
341108
183732
614778
546219
728114
641637
338304
733113
580499
860483
759236
942656
2583
433148
464209
69064
854690
524690
82541
632408
482841
643203
58102
933044
263541
474947
211868
628947
208986
249105
492983
252879
691940
493428
712571
653034
742186
569615
766969
2272
954942
398849
253690
337482
322531
841404
19647
13170
802779
844021
776536
870736
796574
129775
500515
164070
275130
501514
956896
103795
969568
551168
965872
412308
81367
234606
632716
949910
284860
246106
496754
792959
909512
624176
256272
406001
352950
604829
945452
991598
829720
254859
65390
638688
723538
473235
382024
368015
542449
723329
144949
220766
337883
489848
198947
122349
928701
78236
302822
574808
443300
910569
712551
897921
148948
943042
565488
582354
777615
46696
398580
621656
616134
68330
581794
229115
112550
236969
903917
289553
33028
330881
568588
505314
326366
74298
306949
317837
465827
705870
512265
519565
233097
573217
526847
809378
539880
378847
670710
719332
427852
94261
290763
454926
505551
125967
252066
129571
116290
909356
254748
460873
415322
625217
956837
923015
479926
467100
9565
158365
577516
491758
999570
155153
45324
542060
146910
892901
626084
787204
282313
658408
416146
712085
524678
32425
746776
747203
299493
600639
802057
644960
518246
257617
237356
241405
574914
912780
814607
452838
591498
359159
5656
605964
379690
427740
97353
323495
783801
348900
666547
47072
101095
48805
830552
766052
409985
946042
129954
825813
466817
448786
938399
975502
791251
338630
702703
856195
688043
367683
25022
43076
708420
641735
97896
210336
754366
750173
171207
39486
414828
497935
304826
545147
301927
480048
63895
951348
826286
890051
476881
423448
892670
987149
806882
992639
213903
532773
983528
43392
37785
635335
216502
25860
76331
121764
865284
51414
254419
589004
317708
242776
822427
993092
854484
511524
860819
893398
683633
432069
185491
981067
210913
915126
95428
654125
140477
878719
548788
606448
351434
623762
736009
577858
896298
744017
2455
521711
222932
520950
248354
338923
143831
461933
20071
169707
810291
898729
526737
60596
22203
512234
867142
716153
626757
24863
994563
489959
280248
157916
184586
146406
272769
593133
210375
675555
709129
471430
559996
46350
56868
382844
682741
956658
167253
987090
689358
339041
972304
433021
565230
605444
150826
73663
370564
231400
324746
173873
301711
362183
423830
162146
97652
334722
733730
376196
651045
82673
823760
917998
739841
686610
297629
19048
271229
821165
446711
564879
729620
448789
857082
463613
308474
565816
288720
838903
974739
644761
856048
746431
976473
111813
586648
800731
564570
881998
941233
242356
870386
820689
735114
78615
509889
32264
141465
470353
39871
683998
952548
902758
394946
233146
797686
978452
554343
31397
750047
710321
732949
274757
301914
459192
645856
660267
904275
243924
860026
256543
591914
684023
907693
67626
426530
544309
257635
553851
741271
238584
532828
693631
512053
756217
465154
466436
497113
765327
514121
664909
853626
284853
797227
170090
624033
863758
405683
924289
787877
388561
855121
519922
177600
553970
75229
787426
281093
553124
228470
644241
807425
487020
688452
671017
632478
557322
739679
811155
71053
437049
712951
738874
744817
668173
680298
722062
628697
846476
799997
723176
131830
616587
172321
483852
229266
102881
174656
885004
627018
637158
792539
365213
876522
359051
549611
296638
330312
575576
903355
242385
120114
529026
320888
316104
971947
190277
44609
309775
541124
919436
476346
744128
531515
509798
419764
838349
870944
685899
571861
921797
416717
612845
286547
895478
726790
662998
507521
182374
16345
775374
9949
663215
961765
552842
111197
438779
515410
568282
200945
89514
998155
333019
950724
732407
264940
985113
879557
92526
281307
374219
614245
515865
552034
707075
69864
44352
932145
646603
752524
208249
992534
516171
258543
195318
42921
579477
129385
458830
727043
266425
894667
963939
762778
706191
821275
196321
601809
955141
264811
17734
42002
524104
677283
59914
360839
589396
402684
548017
694792
509891
873575
162839
404839
386298
642424
769908
619496
49581
19985
923866
952316
98013
353488
937938
369583
442575
839905
632917
556966
109593
725415
932986
146868
651518
837739
153726
716892
707512
139820
571751
875192
902402
640635
98135
698077
121006
28950
596053
95130
490434
911330
446321
631234
171133
76899
143934
113459
176637
746483
384247
761200
213544
560039
24881
521776
696517
232123
68143
593116
837875
84668
456739
17561
265237
223487
427475
214196
179122
251664
838373
984010
151973
456787
115832
885884
281719
946258
941878
236014
900592
331462
289499
600459
964684
561344
313438
156305
268160
765337
177375
914668
43315
904903
343777
418707
858781
949747
190727
343833
232608
778689
398219
234349
946652
309465
643608
644644
282106
331257
796985
662034
593108
911175
208497
832780
388887
432359
70396
327654
133131
838791
855588
706561
393787
878417
940922
265630
162966
320363
325941
178033
352653
415804
780995
482132
442966
780471
611681
421865
845376
822523
341560
324883
933085
113072
778655
949765
935455
987460
109404
392105
702754
333718
840348
90777
924836
479462
535594
268656
906563
348020
3265
864671
24997
38296
722514
155276
120754
525925
783758
148227
566294
646708
671582
133696
400253
61412
315867
975857
58402
256774
552297
337012
140130
73489
128307
616512
419016
948721
781194
861760
755999
987914
870835
676052
73520
74882
679138
810279
368550
560968
345424
528216
310637
189995
737018
577145
179612
18358
522897
350440
386343
563760
915440
158916
524291
608668
11661
480787
16850
984115
608173
55134
53691
765049
304846
38172
342799
629160
485292
140770
883244
703955
394510
365610
22707
62053
151827
808932
754943
536474
347578
10967
690341
654317
888511
615637
56926
425267
711900
824502
929103
903675
794964
774891
769769
95846
198741
891300
756879
226761
759054
766205
722079
814009
450738
699668
158465
692789
514665
489187
786582
962032
886474
468266
546632
608965
438095
978743
746887
409848
657339
656966
571656
826139
933437
909896
528708
750918
902673
742261
892557
766501
86655
189550
140256
83282
461767
569052
600609
334732
29915
247390
755345
594251
38983
839436
606718
694830
444741
357169
319568
947590
336092
133083
338846
370900
379281
999509
245093
979981
141674
107673
792956
895740
278681
984356
623705
148908
77071
731559
485441
544499
393446
541916
740983
836614
853172
645503
175030
168327
507457
266529
613176
174408
622223
628460
160550
473515
414878
528443
876581
68903
86492
177587
459577
318991
812629
975093
882237
305478
434637
34771
602167
581985
17870
897781
556305
264608
490789
161488
641273
109902
970707
903555
391807
944440
256239
504363
630958
171711
978920
715219
130741
295440
769291
795954
503661
265384
821170
18160
722090
548498
96497
409421
201501
362613
185721
718762
485333
172147
488508
549323
98162
95189
132252
809734
385
578076
902419
331054
294585
56175
339012
726680
355838
402223
173397
126341
869696
155123
770610
456145
2225
490225
398694
736797
210209
181205
262159
329485
629587
67249
870663
840130
330774
382251
116490
651813
560855
463905
850962
121642
858759
766350
939365
519988
643787
577315
509602
466554
102625
284744
398508
939443
993865
798989
874269
331252
210478
259585
741284
221296
485574
407078
977051
683777
965453
887365
625633
733124
28026
454325
863960
402324
517884
793460
207302
31734
718872
670069
137673
939496
385098
884773
670571
760947
215906
342027
269350
207337
415289
787990
593590
303381
964742
853231
385252
935788
925862
963868
988831
620694
152356
432115
537772
604604
141840
119949
321276
70491
682464
746596
913554
74108
48812
47058
931040
502728
684703
8391
946080
774819
714947
585753
621903
403983
267027
9257
15414
3041
853089
706574
148863
924249
712989
386686
536254
357483
839854
743323
824822
226521
452331
453089
146494
165953
635245
478810
54613
199968
482883
150486
345855
731798
492615
533480
141214
690345
713304
574974
804290
522411
625233
147100
292587
614966
84512
631380
712885
125890
694246
561493
407024
496114
110885
140971
166268
135941
480904
101738
215411
258479
749689
46348
810423
893000
996615
581035
428734
496595
514956
573925
97725
446825
859120
813350
815328
805718
102795
116158
76129
222826
828707
376354
561317
828593
503214
760010
435320
621523
551034
923763
5582
106011
528014
649867
559803
248107
305601
533813
993403
881463
808486
291149
241262
395778
876188
106475
444712
563508
597607
134926
253476
538035
526444
120217
125862
922993
332323
600537
839813
9160
157051
819534
466337
296101
587505
283370
460155
871252
799814
779822
713854
123072
55330
500919
214934
545535
943332
60137
155513
697604
35545
977134
115089
424540
524618
255438
278943
763794
392657
267592
758543
379356
303744
679767
499373
862087
989316
812930
602007
485912
890749
378389
565583
39412
915761
747604
313949
649511
536105
899198
600732
628467
590492
498633
82415
811127
451282
3815
570325
551810
971521
262277
579070
604728
443893
538757
329382
85535
528866
383591
314071
934994
285843
433073
933704
580526
17242
555149
982018
565151
780935
660598
50587
684904
614662
489577
349380
276066
999705
578756
365821
510081
305290
697973
831204
389844
874362
57574
316992
534130
399507
20877
972574
369774
784487
308289
239101
275507
341093
216453
931342
408611
249142
446006
137238
69697
95276
689363
645461
134171
2165
193774
458640
930740
303933
581946
838858
588429
338316
84292
110733
163950
215018
516334
383692
155791
359687
750507
598356
205014
761578
402294
433375
78914
431067
191100
463627
47414
947833
27696
980519
622358
235722
242642
792311
507759
310270
266810
512979
937510
135238
571682
275175
589471
71188
976120
656807
337986
163711
958194
142121
614023
640003
932614
56662
863888
870159
126684
53928
54645
607733
618492
891978
345529
385315
325504
685502
104593
930533
524179
495298
965407
975916
924495
929911
998461
286151
40034
722435
873098
171620
115095
526694
700911
286871
649343
354238
679901
511568
530680
170804
984260
909821
748962
469172
912813
894803
889024
900532
687637
141646
662146
535156
76794
827154
806580
550840
122939
391134
497037
205575
266613
744602
477259
150847
68954
392106
752714
15568
570900
802462
830308
411981
974864
91618
900812
274086
732707
1892
26583
196523
460387
449399
320424
701760
221631
429371
267291
180284
323963
626021
891358
676612
502985
390453
7219
759356
597301
775880
437243
482989
530916
314212
377961
990532
293068
364618
435112
238098
506450
964655
133957
492648
534232
460423
468902
996444
372986
778651
330649
866116
68537
299768
748674
970166
780619
956667
844004
683014
677424
601989
410586
72309
888490
742643
799863
616901
268015
508995
763963
751537
103901
197582
794687
548200
479790
421186
908143
107605
890683
323910
824457
209777
32815
278627
731167
641512
15701
180642
67746
56763
609158
666827
868832
236922
619531
249219
327175
770173
40153
959563
161236
188392
967387
619091
151937
609760
105281
714745
576595
273568
730997
993718
582286
571135
198361
354100
861102
744389
908720
344255
28108
212643
770155
661163
31641
643222
405500
284771
66769
994815
516825
90783
155297
762626
333505
367590
952326
154575
774070
618453
628080
403396
997870
388075
391636
192261
609797
983191
154291
43363
794721
281513
672633
485317
802728
203583
251682
371989
967665
867120
204989
849735
595605
227182
327859
749531
632355
891964
223742
934889
132991
399698
973357
518922
741300
199480
960313
752403
749165
230378
234828
240863
443825
631812
385258
673117
327831
624719
411263
917228
920920
296898
302173
85022
224472
986263
308864
609404
398587
277061
381180
111626
979644
727865
932237
823186
169559
865530
382926
270558
371835
612470
988322
4847
39506
982693
952629
158120
602011
860746
629115
468859
552019
887932
853863
557010
804005
714040
169938
835683
659749
807712
223623
598731
822074
527968
776946
25654
806546
165358
689703
824227
288842
26432
667832
959972
52530
673539
876003
18952
193283
147632
104305
712880
215
151726
769462
571443
527111
323955
900130
135935
853836
60763
654039
710553
472555
479370
152327
350586
956203
396675
32446
269659
676141
244369
670954
333703
660481
752809
793499
926546
377703
240988
529952
84740
549809
183924
245642
564994
541997
381641
375824
871872
117671
454654
606496
408955
517272
401534
143147
169438
749842
625622
327422
698292
349471
157383
191898
140723
851342
76641
186858
890058
859485
960435
754706
551322
59594
334954
428612
116583
966425
875486
298667
189440
219349
385286
143109
609712
716687
610120
523725
596092
401789
951651
826761
657548
361554
257129
972797
241374
363048
359518
316667
176482
708603
197346
884057
79946
563306
684033
189220
280228
931562
172170
535338
620730
404435
662121
567815
969407
617325
599837
501962
125395
148934
356777
144030
990644
524459
776840
481674
300199
587710
620648
448534
896478
721026
431197
504273
902684
659601
375288
905507
707427
993636
50301
851636
514468
67778
476992
447906
767594
843736
267741
458146
174640
238014
796920
673981
677701
933233
196614
782924
746572
723701
995168
861272
838834
403777
95944
654343
136128
152547
410991
360745
33084
4972
871421
783222
576022
381382
476199
433127
122052
302557
72573
702076
676084
691876
523609
49943
357166
190168
488507
48194
206419
568389
245518
65814
345061
778106
792405
661365
676723
215986
930400
541102
787336
393198
851639
961721
838012
667856
445470
191018
158996
73813
417413
627343
272477
83844
815913
548543
211892
125675
60553
948541
237373
493752
414435
227289
199545
143040
367053
828219
335503
620632
686992
160123
683364
846360
640654
907324
981017
950130
766851
934049
265252
195626
670083
128532
517413
565070
122852
572014
939752
574037
601784
475907
528799
620961
978252
657092
719651
2021
335502
485636
974916
488426
356197
945947
378104
385944
806022
149674
749431
651554
718958
202764
846345
460221
128317
340190
309845
344280
471937
179626
318078
469018
604538
101568
943621
233155
714878
954324
385753
822652
665803
54596
686224
215690
267036
336114
657714
282304
894670
978372
620817
836140
702531
337308
819963
451624
806887
479496
803257
546743
188377
834823
615760
432284
763179
244000
208659
924452
766832
826438
452513
184078
185294
640718
722950
30502
677698
102943
910898
168954
874577
241761
970111
802308
963604
223153
728071
541234
476078
302557
295721
604213
392854
492245
650566
119225
667456
739459
544010
500727
835147
200339
830412
25137
705936
967376
377760
475563
653303
950342
530181
240858
9357
941550
22520
184407
291285
732671
770645
570893
269015
649517
352658
124100
66652
894571
453423
537369
830672
493564
804216
847885
763962
968586
906312
568856
295137
122988
795955
636263
581474
705300
765562
77428
82769
713303
233148
301412
747763
708094
565544
108608
393290
324866
149453
551509
535595
370577
18387
129159
573434
302814
686483
387567
262384
845117
316591
145937
723085
74959
699096
325606
473299
403199
433227
926564
295412
376461
908626
655004
214106
373264
785056
194140
123412
972410
623766
840814
470354
709380
20210
491908
545294
985016
241590
135709
593976
154620
217132
52352
138735
379995
494917
341140
64377
400945
795215
441600
414788
832200
689251
282524
781164
667285
379653
41799
334749
470103
503699
943088
537214
667452
345929
44465
458272
227109
719780
893311
641994
714663
480203
292528
433874
291391
65937
495727
905050
633376
932356
604589
926260
466246
677260
858508
829851
98656
567433
405248
288004
673379
513897
506978
98024
320262
961962
365495
52546
430584
737872
13115
257890
189248
131440
539462
657549
50457
751861
457378
418429
331725
583800
187792
358317
443202
578964
82396
803955
992382
505795
953540
262705
846875
307689
187560
769758
848446
853378
349083
849282
225312
594575
533793
663384
611444
299394
976920
934246
600194
685880
243401
311526
331353
596159
678094
524719
282328
985280
961375
826620
607999
690531
999377
368930
794458
913922
115219
162321
756560
702658
837811
646327
629369
636613
674564
144618
131171
178148
525269
938446
276959
594003
14330
966744
563537
488295
434983
170217
837222
267378
269121
895177
265114
758894
422350
404844
423626
840703
932134
565063
576605
385624
942230
435572
663387
868348
462215
613666
758294
572461
21777
876860
857788
922532
96536
906001
686415
967559
171042
517910
932590
167559
641941
608679
78493
235361
972524
602945
289216
187274
281144
160001
4612
196931
802042
198729
137276
88746
927947
421815
418547
270090
487701
687126
412748
869853
359429
997369
614818
287614
428043
255214
128176
904794
463323
637858
273127
542798
559164
879818
313933
171035
823213
661555
910141
231813
123665
178802
198634
511306
446705
82108
290525
505830
556041
197470
985358
211991
156692
359718
975582
943142
478904
352178
497485
212786
701986
926621
720091
981923
922569
660062
947470
602360
760919
262239
129707
19375
985685
894696
564122
507346
520120
15719
299478
685260
630764
726187
104374
369420
230963
563974
736326
879932
465229
54252
146385
536501
334789
903640
115749
924013
767828
505446
485507
712357
597052
865251
123088
677154
866302
219516
264615
844544
359662
977237
952501
893851
971354
52750
739005
327362
162794
106982
376670
188882
833879
970255
940715
283693
341409
289087
904072
711242
408720
547471
753961
972285
389217
724813
778190
993677
908241
809517
823175
382453
973287
631242
202685
510225
869250
374961
414218
858171
230364
623962
284865
509306
683898
987626
294353
306853
725262
491730
632420
783621
967734
41266
742633
527884
396985
281728
916455
283623
809408
309277
76764
33239
606274
129921
985585
418910
443694
561165
347057
628133
451082
342116
430618
292264
58879
599220
313856
377383
159404
531905
112649
887483
977210
254887
629605
850009
283332
982983
772594
858915
724021
260284
557423
587327
368519
307722
843223
378385
266327
860842
514783
873976
846714
750298
671605
467831
223402
718133
830762
295080
961886
641264
155767
871702
573158
430385
670272
750319
690344
450659
946566
984581
619309
647767
554242
653598
371524
80892
377491
513488
945129
688360
562521
622749
608932
179665
586593
106865
533128
326787
955143
524865
807409
347556
987585
816137
85656
907759
261316
390726
694399
517752
136365
268704
389367
929045
697570
731031
760078
601773
113247
83438
137985
300641
641099
658317
456965
186903
494298
327019
410504
576803
974697
316763
176657
14442
793558
777448
862772
544519
69096
325531
192043
983286
332945
368729
123573
159812
501172
835988
325423
500442
338790
401442
595622
750904
223085
855545
283792
363269
236378
754385
868023
146860
561241
388264
593926
799493
776195
938381
492657
178431
647777
205256
14250
819551
4550
733332
307029
588772
880648
10675
848936
93319
109353
287589
446879
470720
875836
98082
117128
836394
45226
388108
486154
132463
657075
500877
433701
660193
431325
519882
197371
561318
552883
444922
352195
304102
259773
888418
665243
121826
21356
188385
262805
419300
594269
39430
939169
670448
273458
584727
850871
219335
985625
360606
842222
749617
151572
735196
624910
91397
311439
756509
216989
753826
652513
924023
934041
232807
602518
136834
347321
981737
208884
85523
20678
40087
8361
478363
116144
958355
428305
187688
825127
681034
176763
999183
309889
332415
895397
312862
817509
249617
840356
581850
997232
331785
705615
220390
717338
9225
122084
365817
89400
252448
971737
418937
673952
697656
398432
806728
410940
276250
398955
190746
376058
307642
637138
779311
561329
272760
844316
911076
693040
320831
869604
233155
769948
613976
480867
590110
728789
948594
661959
704239
761944
471553
201768
73228
138621
912284
204108
758264
491378
155708
129950
833486
797556
159208
994118
75574
814832
46974
223485
474555
111320
249280
277337
319557
444855
333732
684795
289172
442061
175428
677427
153406
958499
621644
743009
523733
295340
887823
62685
290119
428501
959968
367044
192594
270163
495439
791794
65992
979694
255428
314692
531672
682278
836701
520559
970224
711311
406806
236230
808104
329923
201189
314783
310975
951968
754285
126239
889409
53854
940933
52596
759273
119777
669345
777018
175569
107251
588030
35733
782291
839279
985632
437835
829999
729308
117347
558522
447050
400629
312311
298858
678055
726453
724001
532335
258312
942330
556517
708860
879206
551133
898390
940264
505673
974966
498634
643761
500382
798477
672376
945893
186018
48556
508108
413203
626669
80066
586053
213760
32437
989559
925369
758270
468263
708702
786957
334946
748883
806925
944855
83155
307374
31822
344517
717994
469189
804671
84046
584030
767521
764393
252436
926801
600766
333658
367988
255106
696631
841790
241283
104389
616955
836872
363416
131978
676906
583258
984879
797075
104794
67289
366028
530877
251699
704876
129688
798018
190576
991523
154471
145182
26722
589723
795227
120309
757451
572417
458180
479322
845392
751770
434075
711133
700453
360799
362706
967651
708040
499795
536051
415014
226352
801190
762078
343810
147863
271678
556280
141440
828245
460811
953554
149566
834565
523897
617882
20802
626778
337118
747555
259277
777050
664710
708089
678549
405324
996289
8740
919972
883733
421160
315879
21985
198092
120780
362762
396611
913070
903657
244308
771387
365672
664780
322940
678513
673668
867343
154851
648360
605985
74805
510691
328405
651956
634486
847700
205484
441233
344317
879232
591364
100239
779277
255029
838797
692029
763336
285023
602303
954067
117213
180379
895391
2677
810645
798396
461100
862396
976029
291904
309012
724761
973379
229351
136248
278873
340198
815184
290917
207615
782734
902176
449873
791040
163216
379695
994621
984916
807701
913943
862731
938303
637769
144114
456059
366078
87327
976522
933438
644537
739351
954026
276127
268322
547338
437853
992055
505969
756921
346169
303728
798604
530376
677415
301280
994797
949716
43483
336066
186349
657609
555811
610326
40044
477945
384694
237809
224665
54936
520167
684592
72148
844308
471511
704568
158690
50570
532640
769305
434413
725453
648538
392509
112684
930224
176899
811109
997499
856897
487665
122283
506244
703078
610383
217003
811039
512334
790066
495453
628808
614622
271659
780159
684410
639470
159056
500781
901838
599003
865234
976844
764232
572768
119717
144292
66911
421450
515549
778958
905961
742353
326036
738405
48568
944442
601144
320073
544137
527546
869626
831743
832728
206375
584697
572337
135255
706750
659527
91680
564215
15543
609933
232749
965827
409821
54196
990798
862437
399
917157
143790
580621
414880
691236
436727
914205
166099
832498
358652
111507
753249
902869
109000
111709
966176
15606
660810
379220
973242
321209
129798
854352
860286
431498
531043
409129
430829
644259
756109
597218
509530
482305
776756
592793
426993
951775
159947
373774
806164
456512
598313
428665
309720
997579
302873
25809
37005
918431
849235
669817
989395
266435
538712
857527
315096
743208
707315
594625
544219
14978
711535
833812
330602
771787
455717
166703
884078
480442
458391
63485
214627
74258
601640
246303
753325
701842
845186
858631
165516
553442
936802
619381
634395
726275
764676
994218
832000
240205
138047
409716
196095
273921
342158
795911
311177
542814
373021
67602
524974
5155
248509
957235
342392
679813
158982
903493
294945
979315
271287
681435
426921
740422
885932
111412
659843
358040
813737
901519
611308
670020
373907
905154
533803
438128
216778
12053
493313
973522
745925
529815
440249
230252
551335
360282
150626
782838
590718
452459
67776
6481
944502
624911
459361
6483
614991
994884
514659
619554
460823
510160
949965
998605
98917
348570
564300
217152
514976
980505
812131
229517
6252
313893
157979
898734
258513
386242
490600
775172
125401
423713
909870
748336
418616
639626
993098
19057
657015
434718
229747
789544
708081
726286
870944
212406
430449
119951
674185
850722
306960
930063
467823
71984
252007
212096
158068
560282
494883
282743
11941
537269
275714
605674
187719
830158
609728
879249
518414
957677
716344
900919
326219
459137
984111
197332
512025
83243
36023
941068
929830
354183
525977
915554
955927
915896
434288
322366
319501
897386
615396
46970
985426
840766
274022
477955
110050
236698
684731
774489
442515
331262
480787
899700
38109
381125
509572
896913
267981
617891
770602
253562
356700
315629
369208
619316
395792
65208
290621
771024
795123
169900
597726
602073
960839
746822
928258
735881
323290
86331
741650
63684
425739
412324
692377
388121
749856
250884
991117
986273
129655
525193
954428
854387
532745
176046
379956
234727
760275
30359
469203
113009
322892
612517
601951
920705
141708
851583
190603
25179
548879
272862
870335
316469
591403
862227
758255
645915
528325
379460
314039
758148
332211
574923
789013
462387
330196
379635
424647
106292
227030
523911
430714
340725
255692
655248
855158
95049
624247
514665
546873
688520
591806
429066
723675
249638
175490
673414
529768
733899
936547
640091
21320
151912
944336
932611
837238
294882
390089
227373
342761
125745
215415
280137
710815
199516
803742
691996
783962
518107
928886
946527
373206
778661
731356
506189
843393
319541
198812
648280
340083
152780
954997
667992
933902
401863
451287
658447
321309
406839
790448
739552
841880
613995
194160
199056
137955
741356
812814
686398
234265
828906
689595
884571
93087
227007
247346
126987
307671
996331
669755
711118
417205
857454
78535
844106
451619
192440
491752
200108
460848
545318
211738
975628
689827
817883
174588
821254
382262
534811
148338
690393
452291
775547
175721
960946
280009
868394
529841
378402
661588
468789
781126
475668
79613
247033
436523
319369
418552
533362
579542
983055
424514
288094
391438
326919
762703
924655
163961
671304
717848
645491
343264
790673
437248
831590
548182
453553
589790
790823
92999
366807
80828
603507
75833
914619
243508
80553
154554
699393
135825
997078
614512
692341
841167
401385
450813
966589
329072
441016
144057
719958
881732
541122
714182
514739
212907
77621
88161
421393
850286
31579
834929
624183
602094
791947
814800
863398
445355
850299
366521
322900
154042
261927
739807
84427
310644
834769
908786
629170
446007
789524
387000
802788
939988
461732
541842
960954
616849
886138
855193
476452
732687
563690
674278
616784
25645
994367
31680
948069
491871
139919
620101
572137
646204
378787
655736
369358
164381
553795
485321
449648
502895
770256
696941
200342
451691
583741
295577
462530
962038
217299
473868
35918
884960
833478
73695
674827
294707
599274
746903
841839
14317
991809
794597
580990
31031
255327
587508
341342
189677
227613
561526
936924
242777
723599
554790
156419
947326
645114
761275
855487
333489
769358
175475
757248
27499
400516
968375
160334
436292
707610
968806
63845
741431
492832
589880
825627
603099
785479
115293
700292
375684
32272
999962
664458
180412
400883
997184
316435
674074
484883
552253
734069
303512
392928
821760
1431
415569
357189
77932
850019
808667
245561
834304
639484
69335
413903
942256
531050
41112
890134
753449
238700
607167
677403
943830
392606
517662
775853
368210
111135
699461
136364
511072
751203
148753
35890
831251
685916
41141
325174
527869
610820
956495
618040
687974
933314
280273
207440
53623
895503
602553
580905
496756
967771
938083
726749
248919
451548
410864
620171
462666
421114
387610
389114
567997
87497
783831
196230
787073
39272
99723
715339
976010
959608
321957
716038
860478
698585
476727
343341
244560
238183
880737
908205
14431
471697
336717
661534
252948
3793
653234
89890
673149
83796
656965
515090
531433
277878
207977
84234
589169
679056
801887
803350
532502
576165
178721
68202
965019
739635
386699
873623
31189
509265
799809
206764
38516
281573
894738
346465
623990
172770
212915
191635
461271
694023
410878
409813
286986
4568
116739
40299
966374
337742
80544
919090
552680
943593
735044
849369
446361
209181
939943
338329
476778
476837
306707
929396
175222
80516
542629
940145
806180
131736
153430
368766
358276
20102
566187
673580
67511
246472
925562
962913
441915
570435
23807
795617
271250
713279
183918
791814
877247
205585
724043
392455
796944
856013
906455
233997
869258
26357
692414
711031
332888
230206
923466
716134
857136
586073
3059
68098
198573
51001
663479
41263
111154
962235
483691
274194
10370
210303
16467
96221
765263
213864
97988
457246
328523
971647
91645
850008
686274
74920
148337
439240
433331
927151
654251
380530
484502
86883
676346
395201
802396
749582
64035
626763
886565
39110
470034
249968
717987
409585
922949
720145
22497
865012
94899
230573
161272
118679
470420
394191
515146
545714
85604
741121
641025
431616
488987
203846
846713
374521
805885
248921
157087
560008
584516
488016
363991
698025
836600
641412
664584
88397
570308
313758
66263
320413
14613
8114
24731
63157
125527
280038
92409
290216
613002
819983
795387
878223
741269
37425
775508
400799
921330
685688
7734
924103
921243
680179
720637
117315
489290
155162
50426
873619
61900
32019
303342
736268
615434
702915
43387
487227
898709
25824
179174
791871
956346
811207
187443
764535
112406
635013
744385
804946
542398
938218
756584
348547
490832
632245
230396
816972
117231
139456
713727
701336
469592
358277
160113
895971
516421
208142
904790
890096
11043
418554
699282
949766
951459
356239
34448
174694
40913
700790
588008
862129
391462
564976
90019
300340
170776
423571
451978
924072
38091
38837
366572
445609
31696
821200
238533
581769
994481
608540
628286
150690
121528
530021
708507
794655
666803
519560
24902
873219
604386
976053
39759
750371
807485
387605
243136
158246
316279
33233
359155
928250
89066
972224
524225
939154
179300
642370
337548
421731
30974
75361
495501
833926
826238
977898
147011
522632
831148
49189
892824
342192
113922
804315
17621
153369
248977
228133
687065
456876
467045
445766
763014
163372
352514
967090
355003
942528
446594
395968
544596
825927
711347
744215
271575
676971
740738
83313
870510
571457
743710
402655
58700
638310
540773
19350
325812
465675
213727
310840
735535
309440
620742
128070
197383
861500
733309
616019
661424
244727
259602
619091
296456
599446
159361
714949
594109
70663
985252
455648
413556
145898
771766
783210
565089
16423
684676
260380
834369
826
334329
133722
811117
988471
801607
184056
825266
338020
379401
29977
387215
176031
102707
439432
950721
80465
488716
793870
33931
341909
489956
415189
873662
419029
330845
895695
861288
371276
86267
262201
517879
249448
723092
775027
355257
165585
126390
804362
74140
961874
688251
138725
984630
247926
161091
949312
596820
192507
70899
132112
713534
678370
844530
740909
241990
783968
376773
766293
182243
280991
424088
625916
298460
337273
384199
294675
685928
980017
377169
8370
509566
264891
241134
330738
187692
359634
222010
868364
268912
275404
794883
145654
113681
803626
987482
232897
839616
262160
863554
664588
364698
126162
305855
347755
155910
327333
405788
843882
103161
901379
133181
630273
796959
97080
430181
408359
13270
948256
930980
410030
392897
404710
534250
334653
981290
733667
780925
601051
773720
911042
467551
350407
77346
399716
402337
576009
841900
318618
183300
655620
394133
481861
210472
205408
621860
144201
426038
909396
896085
931811
777473
357191
496010
343081
758252
419355
328145
711933
205440
375012
118176
448163
543958
913616
837541
936754
476224
814948
676752
72727
304219
397276
490867
295650
870270
685367
660422
512260
43894
164209
104359
413008
22981
14908
155347
271458
862791
376673
433017
676590
924876
978967
799533
674675
586609
936950
468047
35542
340101
770218
530091
741180
889260
54203
728945
201039
177990
597472
686443
861651
621864
205110
302176
673476
206767
841979
309783
534275
168708
925104
686121
864643
664268
39492
992766
476083
406045
805637
90509
598564
878794
211959
143975
194789
705442
131653
561717
283148
306261
924769
830295
190533
209312
63126
672058
395421
318081
117278
686606
683373
869729
164049
340199
443621
394931
716215
811664
918722
960290
942460
777840
969513
164876
341257
740158
206227
125587
245117
819071
757220
609790
478526
882874
843859
961092
741897
789565
587948
581159
450871
645607
59143
926480
127042
505908
387917
997462
568991
333219
843942
930075
805474
30359
219586
481517
164784
44162
705921
651397
86023
758319
480926
905088
847072
846049
601046
579913
86717
606686
577520
201122
8437
397406
949320
904199
115176
982579
643920
391222
524585
588278
634877
532584
170789
502454
962116
726438
546065
123095
56846
171223
898044
730739
313955
776863
664841
901347
490191
82076
790033
298820
53587
705261
207212
49745
170444
177634
28357
877015
779262
348661
677275
70898
94550
888693
222641
502501
349682
373725
898903
427672
504930
811621
130022
708159
583912
320870
264076
122061
619661
257070
54035
441850
890827
319857
72705
448038
475501
718050
724916
835080
344112
825176
964987
731222
79919
51727
594166
960727
557339
767382
691972
959434
299018
598112
267783
687044
718259
610507
979237
418765
714369
889469
169872
730595
953637
315037
250349
971372
539148
282112
577280
554963
627690
284525
451697
797255
834395
917147
347135
708739
372447
332418
581770
839045
271413
671336
80383
532002
34642
610917
180795
306362
599100
812007
386689
189974
987060
712856
932519
747987
380402
812835
630134
742439
590655
980565
693923
347260
838458
336413
486960
984113
477211
325470
121055
190240
776593
335334
967419
833333
439969
273270
9761
258514
224228
222830
863466
91017
561187
167676
299166
98213
139966
411502
778478
491268
725829
310392
836463
798999
606402
574604
503495
721034
844149
398315
112193
286595
530701
905055
47298
5055
511101
969539
292650
94689
286615
231918
346106
744826
156627
352540
813623
589844
366993
866766
720437
158848
714105
385800
942164
951762
135876
44931
445802
847352
437629
44063
559135
679943
803248
696010
101414
152964
432265
369028
231460
631885
563951
992725
717499
434765
365576
679769
383881
914581
916231
205224
489266
823798
138178
128493
230172
199380
901084
174899
578262
411758
372415
800743
209264
964015
456085
505644
455652
863591
131815
744402
457878
817835
53255
729472
414126
954
782769
112167
281615
529382
68808
936785
423019
827945
759496
745236
286638
86441
600522
367926
481904
987221
971310
97095
16957
837374
64330
200032
925820
827349
805704
422793
457758
299080
490402
319344
322257
619262
664870
316349
331915
96668
497351
866254
237046
475580
905614
440515
836125
599275
689335
193740
654320
427542
440340
468920
818869
410998
26195
836447
958838
642641
773780
924446
992394
892747
768340
839184
771831
479322
252993
499493
975425
342314
53693
725291
182292
636537
767450
707955
889137
168310
171220
209450
533066
213806
552815
511878
836154
211079
660763
987249
918639
534842
853632
551581
888305
442671
217802
89399
787753
986867
177390
707015
326302
580251
42281
95178
939561
247778
16129
931263
360339
199548
552456
869176
26563
807635
306241
258047
208048
904517
304950
919171
481300
99455
42051
332811
178516
30912
201968
941759
538013
19266
839
785830
827969
447726
760883
4705
468363
944231
132104
944006
667864
772360
622726
15903
566539
481933
403494
226595
808641
746517
867721
368143
647871
180755
440545
924108
322440
631572
707652
106002
814612
95575
867438
506638
709375
807267
256698
984432
780726
882160
580179
805320
192789
858087
462159
659138
725018
252779
527033
377016
311676
914499
665143
927101
471600
907527
712797
391738
449943
660950
630649
149979
267006
902619
863564
437157
233232
479424
823782
535187
903482
538403
444296
790194
770301
361803
892773
334570
539297
295489
996173
233852
479344
693457
476468
922087
644668
678983
837932
997749
812311
678806
245168
246352
44018
122079
659659
725391
554284
271464
706110
624425
622098
208238
379250
782658
739270
952855
167478
642601
130856
851051
44127
490927
986171
4133
805531
986717
117278
12970
939563
677968
576857
4546
159676
882922
5399
788836
249998
9411
914779
505929
889308
815574
270512
161173
529349
554245
771461
398594
712683
663621
510791
123918
44273
630699
480230
106701
604433
69095
675441
570532
873425
343170
642480
491550
684043
637387
35339
583657
593268
90584
272850
846614
85899
411268
327346
671944
628299
584088
103486
962477
876506
913903
372930
809871
740471
59681
627575
714647
776663
214038
342505
558922
983108
56614
239813
965854
166272
941431
783551
4093
638785
236967
436875
430733
150301
178751
842444
415869
55413
303467
974802
260087
370664
413700
549642
918540
228628
536667
797084
319788
133227
187336
898810
517223
891833
281618
476897
960972
87071
607603
711859
790551
78117
429302
552342
872109
456014
118084
285721
180124
758038
744393
115462
25073
153025
259348
958184
474450
282655
71549
57872
508064
893147
242627
793593
265795
261158
576671
903188
3766
374410
622539
767250
806742
603324
366226
224683
587708
655101
353830
879254
737245
400266
512538
354471
263210
377265
980429
633672
145387
87572
655802
420830
755398
669798
982915
650397
984086
691405
414794
543783
261771
167794
171335
685129
963328
390834
379632
588625
24262
401285
541478
437165
702544
690289
821145
921127
787830
58752
380803
242538
969079
706613
300414
490849
705176
208810
891454
944309
275207
369539
155929
396959
864760
845248
744344
879314
504388
271014
407018
587705
435435
254711
740690
517655
71932
661022
382012
400147
177397
848502
172261
8175
893677
128051
527623
58588
302788
692839
495147
518564
374497
176104
759495
5584
673733
192124
499168
846074
116581
281639
603694
758849
254614
273530
151403
911861
240007
809189
584749
780239
104638
200323
517593
305222
787392
306313
691292
641407
313201
808664
477115
773786
597438
508241
67740
535078
607338
266440
388759
637245
244529
764631
123988
76726
338667
66985
106509
344216
236313
565913
610222
290413
264641
442434
502550
826659
113337
59261
183104
533565
847423
164058
598489
466028
131765
139766
237562
206504
117541
341389
27337
796467
386596
689262
529704
144164
311799
477487
313455
489075
751480
73528
152597
288897
924270
71770
608691
921920
615910
185083
943542
260957
898456
526138
260995
494782
861460
625219
719844
808925
454816
579070
237749
864358
577672
561106
133500
987894
996354
83514
67132
508116
100366
51936
948870
211530
60332
422428
932083
562991
273698
772931
675980
922321
906510
26097
814119
385419
126949
498961
933059
748820
246783
342431
152953
674630
207805
52244
606361
613192
749282
997921
976853
455174
346644
285130
638515
730591
632117
359730
772703
687040
692971
353410
598192
871940
213324
68409
41631
960822
517627
464285
695053
273209
431233
432253
844997
886315
499213
82917
761496
453507
536485
263786
602353
242670
189379
677128
512615
563166
194823
763538
312911
135124
457514
591656
577718
842181
482580
275177
565912
434576
457364
46147
712945
172746
327908
580839
117529
13784
432797
710898
42753
347123
606435
816743
328529
27407
937135
229823
774166
367362
181466
595658
86641
250807
417964
111210
539299
596926
712821
18422
275863
769327
257947
254710
484748
211595
876892
37057
41719
440606
924683
135774
44571
520919
148140
473528
513275
702519
11333
540360
904921
951456
403614
301425
158774
367227
823546
87445
339036
86961
834158
740171
40984
256650
652937
205230
443342
438830
19487
551208
195581
183057
700438
630330
801846
629975
872258
334707
96351
933244
969637
866379
699599
840313
206404
513299
397505
187471
126722
43936
735916
583462
619923
895727
632608
173464
460714
123413
996907
706154
289830
870331
689481
191451
282344
764076
287047
22306
714166
935873
834669
177530
621067
578046
292039
285848
442522
849215
496711
448253
563869
41761
467904
15170
713227
822555
779529
577167
146780
236789
725653
541213
650178
492267
964800
651942
327712
937565
956653
939577
517242
344661
711546
502035
494654
532320
930905
282370
576264
410144
263819
70455
702142
943514
231240
225647
820911
214201
804771
747458
638047
476020
285955
748529
85669
6771
199439
266571
305173
560607
679196
961230
796662
727567
955222
377047
934148
236621
247434
831983
108114
572457
477671
241140
464454
861879
815332
182069
582141
235383
347463
496717
781542
260638
444664
649834
838753
370072
208211
387146
87154
161179
612662
17268
23185
559454
22027
127706
559957
86961
295345
566856
411071
656862
280400
790645
887289
310118
20866
64570
76044
11428
207951
556851
491287
373712
962549
585141
585442
362316
890170
387784
62145
904030
25221
386455
294510
612497
135053
632799
857333
394070
53
661639
680282
179476
910204
378759
363874
601480
680085
854263
660979
223258
237312
814463
340143
882933
223258
614855
81117
79468
421028
498206
79811
834730
865036
9169
678948
275305
427951
276184
941792
677299
474670
718362
310613
520138
930381
282786
597149
510303
678191
381385
446876
441850
905906
158283
934365
302722
54397
66847
617494
953885
340866
943799
958473
238610
79562
845951
685399
154165
44006
295783
749311
917280
977577
286411
747734
538342
43830
514570
755182
445682
959860
133949
893223
347545
642511
932341
102960
882069
799004
853884
742920
242137
801915
282558
861200
743888
600835
950081
764385
430133
968075
125444
55825
326161
83213
693425
899874
291126
928307
861946
139809
293370
651281
851418
83231
30099
785063
403779
770802
295408
823408
398110
105776
687094
100011
310166
499615
12929
541
689577
122025
850950
287722
83483
526573
716991
229824
620223
332066
611446
6060
832291
511906
420923
62237
248832
487377
823135
251174
157492
794697
859009
927025
96154
463274
85122
392884
862573
113597
346979
525511
951134
209090
726513
597247
84789
316716
183247
818523
465809
129111
772237
393473
563261
464501
856811
92413
412809
782350
25631
584635
995062
264762
982645
959229
168199
91540
695672
789856
559335
456745
416916
653760
833307
137578
756303
726375
205100
398587
191179
931619
445588
457054
7152
895727
826425
670010
706241
332677
928363
455907
651570
68753
673163
941394
272699
18456
198046
719853
949289
471523
789963
956951
744725
39467
133281
905228
666080
911782
781061
534446
811195
161667
674194
502789
424408
911994
312616
26048
520965
276776
22446
927841
321736
943502
528133
519185
108571
493517
226642
386610
727343
444591
695779
47746
788404
140263
739792
860707
278982
691545
22804
116743
915414
405181
192834
625483
565889
726324
362175
714179
102531
147812
707782
190472
509043
998587
946866
165564
234269
357651
943844
872787
139755
141755
356369
680527
882676
41291
290868
376342
433285
143356
722408
516450
373254
63792
43864
722715
371870
520830
429634
708346
511721
891552
62478
679021
457679
485929
111596
449609
860950
235938
63810
264945
517558
325893
385377
582115
314922
862605
720073
409932
931759
76705
526221
372012
569060
678473
435255
819620
560346
33455
361951
578912
874555
108689
371887
802800
48769
615635
103169
705637
45054
584495
817808
76147
846206
565101
742182
546841
125598
649154
541748
552429
278145
873172
305974
77090
803624
802589
832022
734336
172137
238539
464047
618913
956290
818266
62276
489500
958276
817164
20891
690421
52717
614355
141098
993667
132227
275246
926101
373791
86926
238169
686858
75073
6009
947880
843667
443088
950635
604201
107502
315842
680149